0.01,17.06034410464448
0.02,16.76303743599643
0.03,17.212271295336066
0.04,17.521609923950535
0.05,17.676455040297228
0.06,16.99307245158812
0.07,17.002748574410134
0.08,17.696323317057324
0.09,17.47173524465233
0.1,17.63598171704389
0.11,17.270888784878206
0.12,17.476157857685592
0.13,17.784432231888825
0.14,17.91280698269896
0.15,18.039576559123077
0.16,18.02003726051247
0.17,18.04644869826005
0.18,17.995018808845536
0.19,18.127339553084198
0.2,18.07903537807246
0.21,17.941893248376957
0.22,18.006293585592108
0.23,18.38903509827082
0.24,17.92352414701093
0.25,18.276452890603387
0.26,18.4775183548172
0.27,18.542313660017182
0.28,18.154263339448168
0.29,18.49802120032502
0.3,19.146485640727427
0.31,18.412937016588543
0.32,18.53767707173099
0.33,19.01429190585781
0.34,19.06313953320386
0.35,18.29417221794388
0.36,18.732856505952718
0.37,18.892250834464424
0.38,18.859114258060067
0.39,18.78925251111106
0.4,19.031602665883284
0.41,18.91326452485106
0.42,18.83320856947539
0.43,18.693672151079753
0.44,18.79759294314554
0.45,18.83955232254814
0.46,19.366458740374092
0.47,19.0006863054273
0.48,18.89185379922535
0.49,19.079493157498455
0.5,18.709723533721252
0.51,19.220041311901902
0.52,19.090527568264427
0.53,19.031278596630465
0.54,19.240231576631935
0.55,18.78238761284245
0.56,18.827041176398367
0.57,19.22440387003713
0.58,19.04633221275686
0.59,19.386990934414918
0.6,18.816465008735737
0.61,18.85356574409137
0.62,19.37299080817436
0.63,19.06600612139721
0.64,19.128543324457127
0.65,18.964378847295208
0.66,18.894700937129095
0.67,19.25427552249389
0.68,18.87191527468489
0.69,19.21964673409837
0.7,18.685383406375507
0.71,18.92630647044731
0.72,19.115627235512157
0.73,19.148473145866255
0.74,18.82105028322588
0.75,18.36091979411507
0.76,18.78302987775999
0.77,18.942816748623706
0.78,18.90717563963889
0.79,18.310166592835976
0.8,19.033713578972574
0.81,19.166760788047625
0.82,18.687217786381904
0.83,18.7634207634814
0.84,19.092909871845123
0.85,18.994709949975757
0.86,19.198247803614134
0.87,18.81213922426263
0.88,18.408111431964556
0.89,18.436434761744813
0.9,18.325069430799573
0.91,18.351595823349115
0.92,18.736843324038823
0.93,18.505571360594548
0.94,18.523284185198307
0.95,18.387054181038508
0.96,18.344041941129255
0.97,18.290382675761805
0.98,18.26045602733592
0.99,18.43424442907493
1.0,18.22925115839867
0.01,16.68596414880848
0.02,16.725509336547937
0.03,16.597986949435445
0.04,17.034334796149494
0.05,16.56925110960894
0.06,16.998346927355065
0.07,17.56875452672263
0.08,16.842343683719953
0.09,17.118467947995036
0.1,16.939469328111155
0.11,17.42888498029481
0.12,17.54921145343245
0.13,17.319440248173116
0.14,16.8951384805303
0.15,17.624439132365488
0.16,17.720114919345974
0.17,17.26188042865688
0.18,17.62255558059549
0.19,17.722745458626356
0.2,17.64745103310345
0.21,17.572154216962417
0.22,17.272591309411997
0.23,17.63435225598184
0.24,17.92057440716605
0.25,17.949545869733043
0.26,17.940702028974396
0.27,17.975013180287036
0.28,17.856675422155142
0.29,17.84782865429296
0.3,18.102095376892926
0.31,17.977687199428253
0.32,17.916745224351757
0.33,17.954128460303547
0.34,18.33403591163556
0.35,17.829888206368658
0.36,17.88474086933416
0.37,18.271980546906608
0.38,17.999358615562493
0.39,17.893150421971256
0.4,17.93478545990182
0.41,18.202580944723977
0.42,18.290993571384234
0.43,17.942053021090878
0.44,18.338467623062876
0.45,17.640754301221605
0.46,18.311804791052488
0.47,18.06113180082367
0.48,17.60826190024988
0.49,17.7789544247082
0.5,17.873718455374295
0.51,18.530538392282985
0.52,18.507296144941478
0.53,17.480477782043373
0.54,18.32173917670513
0.55,17.305342195748533
0.56,17.524939876409057
0.57,18.214434177784433
0.58,17.70664825018809
0.59,17.54354924811701
0.6,17.73850417623964
0.61,17.96437255574987
0.62,18.068551129873235
0.63,17.63187127702162
0.64,17.223538982519212
0.65,17.91687502476414
0.66,17.12706361897174
0.67,17.737446384954406
0.68,17.080900117869795
0.69,17.65070896677541
0.7,17.76905985374826
0.71,17.372102321435648
0.72,17.414893914107708
0.73,16.594202498758943
0.74,17.526188061277658
0.75,17.498732250465416
0.76,17.07037771948651
0.77,17.346555517092185
0.78,17.006024718909284
0.79,16.837616818093906
0.8,17.34776789573297
0.81,16.74012903077424
0.82,16.87201601321288
0.83,16.474720084647437
0.84,17.225916684511482
0.85,16.550818649741405
0.86,16.66426331370647
0.87,16.934355046117247
0.88,16.62136399020055
0.89,16.32905740831132
0.9,16.027536556643337
0.91,16.541878142041032
0.92,16.53703187169156
0.93,16.284940327222614
0.94,15.89171442368022
0.95,16.237785699522963
0.96,16.51444230771494
0.97,16.42174684830183
0.98,16.0789508529571
0.99,15.717763194792333
1.0,15.74327758979226
0.01,16.735639181563805
0.02,16.508714827245864
0.03,16.867076845164338
0.04,17.122254985169363
0.05,17.16063082097856
0.06,17.28614659826281
0.07,16.82034924418301
0.08,17.0082865028172
0.09,17.089654322916473
0.1,17.107718875470088
0.11,17.210233101420684
0.12,17.370077010790467
0.13,17.17149474049799
0.14,17.803900095795107
0.15,17.443461478968967
0.16,17.958654378729513
0.17,17.513877432964094
0.18,17.62085584041928
0.19,17.549855985433123
0.2,17.522976737871033
0.21,17.85120434427732
0.22,17.644733941822714
0.23,17.799893268831248
0.24,18.13001329106592
0.25,17.664719207328947
0.26,17.96103887072971
0.27,17.959357604058212
0.28,18.51039640338975
0.29,18.205085431058627
0.3,17.70998475413507
0.31,18.26811890386498
0.32,17.9060756296889
0.33,18.046781031855225
0.34,18.131811335325118
0.35,18.350190627184045
0.36,17.992753086072323
0.37,18.119113025233958
0.38,18.301434126228507
0.39,17.839499193483064
0.4,17.990591081230697
0.41,18.04135459448866
0.42,18.168037447405084
0.43,17.997304055627442
0.44,18.327659331322298
0.45,18.022838562985388
0.46,18.593496623626457
0.47,18.448390261740972
0.48,18.77681152271043
0.49,18.034235476670226
0.5,18.061730226685228
0.51,17.849603009505987
0.52,18.296394565444
0.53,18.336102870638463
0.54,18.249008854739568
0.55,18.064595145457048
0.56,17.942774818005383
0.57,18.189007870733597
0.58,18.194379263884322
0.59,17.782941421576673
0.6,18.329605662184317
0.61,18.043654788993685
0.62,18.11250482724772
0.63,17.654720456837026
0.64,17.687654779759708
0.65,17.643998677101298
0.66,17.92573704801083
0.67,18.167294737518997
0.68,18.104913664643796
0.69,17.99460879667796
0.7,17.861576486282285
0.71,17.409712672609828
0.72,17.62707158865247
0.73,17.972447013351342
0.74,17.745417169729905
0.75,17.271962153876387
0.76,17.17534297024072
0.77,17.319524075252872
0.78,17.54045195238114
0.79,17.176495652774435
0.8,16.81056626609321
0.81,17.34904939068829
0.82,17.345134334450627
0.83,17.32065258995322
0.84,17.16557397220579
0.85,16.786802661213084
0.86,16.681516292278182
0.87,17.296280913046985
0.88,16.46785369077942
0.89,16.920833484351142
0.9,16.910467723060492
0.91,16.74799658493467
0.92,16.281673050702615
0.93,16.764865447014735
0.94,16.442121191099716
0.95,16.511844020415328
0.96,17.038828871503025
0.97,16.507172267099914
0.98,16.713914227456453
0.99,15.888192614048336
1.0,16.398827506466738
0.01,16.337901185208672
0.02,16.317927484566304
0.03,16.611258360391737
0.04,16.759425804532565
0.05,16.734401453632024
0.06,16.874126571267922
0.07,17.088120484264714
0.08,17.155873492785233
0.09,17.314569579293156
0.1,17.02160644880787
0.11,17.31128488895807
0.12,17.515071404621516
0.13,16.703017438617344
0.14,17.31384954750031
0.15,17.63637894503782
0.16,17.179298143387314
0.17,17.34948845070143
0.18,17.535456065095328
0.19,17.587532573306305
0.2,17.721621753662017
0.21,17.08819944272062
0.22,17.148993687759713
0.23,17.446466825532866
0.24,17.776780481644572
0.25,17.42666425703912
0.26,17.692957399983793
0.27,17.437169795926238
0.28,17.65403473960273
0.29,17.680539101716015
0.3,17.64565278835211
0.31,17.5051696478036
0.32,17.315788028419185
0.33,18.166091935424333
0.34,17.584053551935945
0.35,17.798695897959476
0.36,17.62976847498316
0.37,17.306735371851012
0.38,17.852318324069827
0.39,18.183972688103093
0.4,17.40566461671427
0.41,18.562497283046465
0.42,17.75031826144214
0.43,17.26615327148831
0.44,18.014603994680407
0.45,17.52231909855893
0.46,17.613646454316118
0.47,17.313075395455297
0.48,17.44794375083557
0.49,17.204137822629633
0.5,17.569304570859558
0.51,17.554019991091117
0.52,17.82006617459553
0.53,17.289983402989716
0.54,17.486766951858733
0.55,17.460988271458277
0.56,17.065158574209235
0.57,17.403482979626222
0.58,17.384410455291466
0.59,17.08312305903986
0.6,16.597243414961362
0.61,18.04105407867343
0.62,17.019231867941883
0.63,17.0825029254378
0.64,17.47872121846198
0.65,16.785836165086913
0.66,16.75533814048096
0.67,17.001923177749617
0.68,17.22474809793637
0.69,16.501676806396624
0.7,16.923732012844685
0.71,16.660299107257735
0.72,16.882448541822814
0.73,16.385277043871326
0.74,16.651601764943457
0.75,16.60745522759238
0.76,16.342101606310575
0.77,16.609009341705395
0.78,16.17398145270758
0.79,16.74205467674021
0.8,16.214116486272793
0.81,16.496282825557763
0.82,15.805766587791535
0.83,16.346788808672194
0.84,16.51057339903449
0.85,15.952846415426173
0.86,16.261436847003303
0.87,15.881889580765588
0.88,15.843186562032049
0.89,15.969162976708702
0.9,16.11022686109867
0.91,15.965865537000319
0.92,15.299309886506906
0.93,15.573428022899641
0.94,15.711743393020713
0.95,15.491333429857857
0.96,15.535701266251728
0.97,15.33234751692387
0.98,15.656745049386675
0.99,15.1117117713028
1.0,15.218731854392868
